datetime,lat,lon,p,t,s,o2_t,fchl,fdom,par,tilt,tilt_std,o2_c,bbp,chla_adj,sigma,poc,cphyto
2018-11-16 07:26:54,51.7576,-44.6171,0.1,11.423,34.799,-0.00366103922324,0.680022,2.21821,0.00804035982325,13.5,nan,11.3444599843,0.00136300302422,0.284923275862,26.5450646437,33.8802931238,23.1441336568
2018-11-16 07:26:54,51.7576,-44.6171,1.7,11.46,34.786,-0.00366103922196,0.692615,2.210561,0.00804035982325,10.4,nan,11.3450223266,0.000705917850657,0.290351293103,26.528143776,10.605022106,12.2710933443
2018-11-16 07:26:54,51.7576,-44.6171,4.1,11.458,34.786,-0.00366103922239,0.694414,2.202912,0.00804035982325,8.8,nan,11.3422701448,0.000720518949536,0.291126724138,26.528568459,11.1222222304,12.5127033259
2018-11-16 07:26:54,51.7576,-44.6171,6.0,11.468,34.787,-0.00366103922085,0.685419,2.210561,0.00804035982325,7.9,nan,11.3404210342,0.000691322017893,0.287249568966,26.5275364081,10.0880085178,12.0295705031
2018-11-16 07:26:54,51.7576,-44.6171,8.1,11.455,34.785,-0.00366103922334,0.7196,2.21821,0.00850863937033,7.5,nan,11.3403027041,0.000738366591163,0.301982758621,26.5284368059,11.7544213922,12.8080350952
2018-11-16 07:26:54,51.7576,-44.6171,10.0,11.436,34.783,-0.00366103922582,0.728595,2.21821,0.00850863937033,5.4,nan,11.3341369067,0.000723743151613,0.305859913793,26.5304407797,11.2364299165,12.566055434
2018-11-16 07:26:54,51.7576,-44.6171,12.1,11.433,34.783,-0.00366103922631,0.717801,2.202912,0.00850863937033,6.0,nan,11.3322155818,0.000731852394426,0.301207327586,26.531024265,11.5236755154,12.7002421841
2018-11-16 07:26:54,51.7576,-44.6171,14.1,11.419,34.781,-0.00366103922847,0.750183,2.210561,0.00850863937033,3.2,1.82,11.3292161817,0.000726971289724,0.315165086207,26.5320842114,11.3507770246,12.619472673
2018-11-16 07:26:54,51.7576,-44.6171,16.1,11.418,34.781,-0.00366103922885,0.724997,2.21821,0.00850863937033,4.3,2.46,11.3296002853,0.000697762545135,0.304309051724,26.5322961817,10.3161448738,12.1361443768
2018-11-16 07:26:54,51.7576,-44.6171,18.1,11.406,34.78,-0.00366103923046,0.728595,2.21821,0.00850863937033,4.4,2.13,11.3248592348,0.000700994641278,0.305859913793,26.5337621572,10.4306321833,12.189627111
2018-11-16 07:26:54,51.7576,-44.6171,20.0,11.421,34.782,-0.00366103922819,0.703409,2.202912,0.00944519846448,3.9,2.08,11.3258338256,0.000713990250785,0.29500387931,26.5325725722,10.8909626633,12.4046704444
2018-11-16 07:26:54,51.7576,-44.6171,22.2,11.442,34.783,-0.00366103922498,0.757379,2.210561,0.00944519846448,3.6,1.72,11.3276799317,0.000702656758001,0.318266810345,26.5295207611,10.4895076819,12.2171307937
2018-11-16 07:26:54,51.7576,-44.6171,24.1,11.437,34.782,-0.00366103922588,0.751982,2.21821,0.0089769189174,2.9,1.44,11.3261587127,0.00072861494997,0.315940517241,26.5297141116,11.4089987578,12.6466709494
2018-11-16 07:26:54,51.7576,-44.6171,26.0,11.401,34.779,-0.00366103923141,0.748384,2.21821,0.0089769189174,2.9,1.07,11.3195156355,0.000722084911384,0.314389655172,26.5340783983,11.1776917311,12.5386158971
2018-11-16 07:26:54,51.7576,-44.6171,27.9,11.393,34.778,-0.0036610392328,0.759178,2.21821,0.0089769189174,2.8,1.03,11.3171548384,0.000709095897571,0.319042241379,26.5348228493,10.7175948838,12.3236817051
2018-11-16 07:26:54,51.7576,-44.6171,30.4,11.427,34.781,-0.00366103922762,0.750183,2.210561,0.0089769189174,2.8,1.15,11.3190581825,0.000717245975099,0.315165086207,26.5309421046,11.00628693,12.458544163
2018-11-16 07:26:54,51.7576,-44.6171,31.7,11.427,34.78,-0.00366103922796,0.762776,2.202912,0.00850863937033,2.8,0.89,11.3136737973,0.000725361733212,0.320593103448,26.5302086192,11.2937633138,12.5928387243
2018-11-16 07:26:54,51.7576,-44.6171,33.9,11.453,34.782,-0.00366103922362,0.733992,2.21821,0.0089769189174,2.4,0.51,11.3114914614,0.000701051111125,0.308186206897,26.5270301309,10.4326324583,12.1905615392
2018-11-16 07:26:54,51.7576,-44.6171,35.9,11.441,34.782,-0.00366103922603,0.753781,2.195263,0.0089769189174,2.4,0.56,11.3118453176,0.00070265802995,0.316715948276,26.5293184312,10.4895527369,12.2171518411
2018-11-16 07:26:54,51.7576,-44.6171,38.0,11.468,34.785,-0.00366103922243,0.744786,2.202912,0.0089769189174,2.4,0.75,11.3115062051,0.000712421437603,0.312838793103,26.5267255196,10.8353921628,12.3787106912
2018-11-16 07:26:54,51.7576,-44.6171,39.9,11.477,34.785,-0.00366103922128,0.735791,2.21821,0.0089769189174,2.6,0.72,11.3053601737,0.000709187932734,0.308961637931,26.5251229872,10.7208549533,12.3252046463
2018-11-16 07:26:54,51.7576,-44.6171,42.1,11.473,34.785,-0.00366103922222,0.721399,2.202912,0.0089769189174,2.6,0.43,11.304815046,0.000697824258823,0.302758189655,26.5259332553,10.318330896,12.1371655769
2018-11-16 07:26:54,51.7576,-44.6171,44.2,11.475,34.785,-0.00366103922251,0.784364,2.202912,0.00804035982325,2.5,0.54,11.297996388,0.000704317413532,0.329898275862,26.5256284363,10.5483314221,12.2446102975
2018-11-16 07:26:54,51.7576,-44.6171,46.0,11.475,34.784,-0.00366103922329,0.777168,2.21821,0.0089769189174,2.5,0.27,11.2904768528,0.000696206819443,0.326796551724,26.5249071829,10.2610379583,12.1104011873
2018-11-16 07:26:54,51.7576,-44.6171,48.0,11.4,34.779,-0.00366103923697,0.751982,2.21821,0.0089769189174,2.6,0.34,11.2727551838,0.000704234610909,0.315940517241,26.5349479087,10.5453983876,12.2432401308
2018-11-16 07:26:54,51.7576,-44.6171,50.1,11.386,34.778,-0.00366103923771,0.79156,2.202912,0.0089769189174,2.4,0.22,11.2671344998,0.000709086691016,0.333,26.5368172359,10.7172687692,12.3235293607
2018-11-16 07:26:54,51.7576,-44.6171,52.1,11.404,34.778,-0.00366103923625,0.760977,2.225859,0.00804035982325,2.5,0.17,11.2662542952,0.000678280288101,0.319817672414,26.5335535087,9.62604436512,11.8137639996
2018-11-16 07:26:54,51.7576,-44.6171,54.0,11.408,34.777,-0.00366103923656,0.748384,2.21821,0.0089769189174,2.4,0.55,11.2535157142,0.000804853664792,0.314389655172,26.5320911478,14.1095265143,13.9082221957
2018-11-16 07:26:54,51.7576,-44.6171,55.9,11.264,34.768,-0.00366103925966,0.780766,2.225859,0.0089769189174,2.2,0.31,11.2220624228,0.000725177674517,0.328347413793,26.5516162832,11.2872435867,12.5897930345
2018-11-16 07:26:54,51.7576,-44.6171,58.0,11.153,34.76,-0.00366103927733,0.787962,2.279402,0.0089769189174,2.3,0.26,11.2016502129,0.000708824095138,0.331449137931,26.5657116352,10.707967098,12.3191840861
2018-11-16 07:26:54,51.7576,-44.6171,60.0,11.141,34.76,-0.00366103927885,0.816746,2.225859,0.0089769189174,2.5,0.26,11.1951718386,0.000716921207386,0.343856034483,26.5679497168,10.994783008,12.4531701071
2018-11-16 07:26:54,51.7576,-44.6171,62.0,11.142,34.76,-0.00366103927974,0.778967,2.21821,0.0089769189174,2.3,0.28,11.1882619226,0.000718545181657,0.327571982759,26.5678229316,11.0523074246,12.480042632
2018-11-16 07:26:54,51.7576,-44.6171,63.9,11.098,34.759,-0.00366103928657,0.825741,2.225859,0.0089769189174,2.3,0.24,11.1740226251,0.000721734025657,0.347733189655,26.5750887307,11.1652626568,12.5328096564
2018-11-16 07:26:54,51.7576,-44.6171,66.1,11.163,34.751,-0.00366103928161,0.775369,2.248806,0.00991347801155,2.4,0.56,11.1693779969,0.000700747589012,0.32602112069,26.5571105534,10.421881098,12.1855390424
2018-11-16 07:26:54,51.7576,-44.6171,68.0,10.812,34.741,-0.00366103933278,0.77357,2.248806,0.00991347801155,2.5,0.45,11.1245085815,0.000727883035195,0.325245689655,26.6126493659,11.3830728727,12.6345596749
2018-11-16 07:26:54,51.7576,-44.6171,70.1,10.786,34.745,-0.00366103933754,0.784364,2.256455,0.0103817575586,2.4,0.25,11.1125480347,0.000719723790304,0.329898275862,26.6204588391,11.0940561001,12.4995455212
2018-11-16 07:26:54,51.7576,-44.6171,72.0,10.74,34.744,-0.00366103934521,0.782565,2.264104,0.00944519846448,2.4,0.15,11.1033541706,0.000753738419614,0.329122844828,26.6279180258,12.2989222996,13.0623986346
2018-11-16 07:26:54,51.7576,-44.6171,74.0,10.708,34.743,-0.00366103935022,0.778967,2.264104,0.0089769189174,2.3,0.19,11.0903434743,0.000716376247915,0.327571982759,26.6328748532,10.9754794536,12.4441524538
2018-11-16 07:26:54,51.7576,-44.6171,75.9,10.666,34.743,-0.00366103935643,0.816746,2.256455,0.0089769189174,2.3,0.17,11.0827387891,0.000706582322253,0.343856034483,26.640368047,10.6285590188,12.2820886106
2018-11-16 07:26:54,51.7576,-44.6171,78.1,10.672,34.741,-0.00366103935816,0.778967,2.271753,0.0089769189174,2.4,0.33,11.0714947112,0.000745539073888,0.327571982759,26.6378058923,12.0084850752,12.926720917
2018-11-16 07:26:54,51.7576,-44.6171,80.0,10.603,34.739,-0.00366103936705,0.764575,2.279402,0.00944519846448,2.5,0.14,11.057456148,0.000737335285803,0.321368534483,26.6484897731,11.7178904937,12.79096969
2018-11-16 07:26:54,51.7576,-44.6171,82.0,10.537,34.74,-0.0036610393814,0.762776,2.271753,0.00944519846448,2.4,0.15,11.0407508716,0.000733995328803,0.320593103448,26.6609386805,11.5995825369,12.7357021409
2018-11-16 07:26:54,51.7576,-44.6171,84.1,10.459,34.736,-0.00366103939264,0.829339,2.279402,0.0089769189174,2.4,0.12,11.0258045523,0.000711179455687,0.349284051724,26.6715461518,10.7913986793,12.3581591402
2018-11-16 07:26:54,51.7576,-44.6171,85.9,10.436,34.738,-0.00366103939569,0.829339,2.279402,0.0089769189174,2.4,0.17,11.0140339866,0.000696538164029,0.349284051724,26.6771720075,10.2727748462,12.1158840732
2018-11-16 07:26:54,51.7576,-44.6171,88.1,10.376,34.733,-0.00366103940573,0.804153,2.302349,0.00944519846448,2.4,0.19,11.0049137201,0.000711070204289,0.338428017241,26.6837891113,10.7875287763,12.3563513154
2018-11-16 07:26:54,51.7576,-44.6171,90.0,10.312,34.731,-0.00366103941751,0.77357,2.309998,0.00991347801155,2.3,0.12,10.9906822264,0.000698003601397,0.325245689655,26.6933936005,10.3246835687,12.1401332272
2018-11-16 07:26:54,51.7576,-44.6171,92.0,10.153,34.724,-0.00366103944188,0.804153,2.2947,0.00991347801155,2.3,0.2,10.9665415096,0.000736737918389,0.338428017241,26.7154147103,11.6967305452,12.7810848224
2018-11-16 07:26:54,51.7576,-44.6171,94.0,10.054,34.718,-0.00366103945862,0.775369,2.317647,0.0103817575586,2.4,0.2,10.9475596773,0.000744724032088,0.32602112069,26.7277298025,11.9796146646,12.9132341079
2018-11-16 07:26:54,51.7576,-44.6171,96.0,9.985,34.714,-0.00366103946743,0.807751,2.317647,0.0103817575586,2.3,0.15,10.9311608039,0.000734898618131,0.33997887931,26.7364086928,11.6315788514,12.7506492157
2018-11-16 07:26:54,51.7576,-44.6171,98.0,9.963,34.72,-0.00366103947145,0.789761,2.309998,0.0108500371057,2.3,0.1,10.9093950163,0.000718624591029,0.332224568966,26.7448801349,11.0551202634,12.4813566494
2018-11-16 07:26:54,51.7576,-44.6171,100.0,9.956,34.727,-0.00366103947167,0.757379,2.332945,0.0103817575586,2.3,0.12,10.8880487292,0.000699124488754,0.318266810345,26.7515839552,10.3643876407,12.1586809801
2018-11-16 07:26:54,51.7576,-44.6171,102.0,9.969,34.735,-0.00366103947018,0.735791,2.317647,0.0103817575586,2.4,0.06,10.8786796201,0.000707235695595,0.308961637931,26.7556704849,10.6517028094,12.2929002298
2018-11-16 07:26:54,51.7576,-44.6171,104.0,9.966,34.736,-0.00366103947072,0.714203,2.317647,0.00991347801155,2.4,0.11,10.870498667,0.000710473987009,0.299656465517,26.757003685,10.7664095678,12.3464854795
2018-11-16 07:26:54,51.7576,-44.6171,106.0,9.966,34.736,-0.0036610394708,0.716002,2.317647,0.00991347801155,2.4,0.07,10.8459878217,0.000692625000701,0.300431896552,26.757046633,10.1341627748,12.0511314592
2018-11-16 07:26:54,51.7576,-44.6171,108.0,9.966,34.737,-0.00366103947102,0.687218,2.317647,0.0103817575586,2.4,0.06,10.7579708222,0.000692622388782,0.288025,26.7578704383,10.1340702554,12.0510882388
2018-11-16 07:26:54,51.7576,-44.6171,109.9,9.971,34.744,-0.00366103946949,0.642243,2.325296,0.0108500371057,2.4,0.1,10.5503902053,0.000642309696114,0.268639224138,26.7625281398,8.35189405576,11.2185448218
2018-11-16 07:26:54,51.7576,-44.6171,112.0,10.085,34.81,-0.00366103945255,0.451549,2.37119,0.0113183166528,2.5,0.1,10.3251647143,0.000536831537244,0.186443534483,26.7946650824,4.61564671226,9.47315728362
2018-11-16 07:26:54,51.7576,-44.6171,113.9,10.015,34.819,-0.00366103946537,0.375991,2.409435,0.0117865961998,2.5,0.1,10.2133276134,0.000518857662033,0.153875431034,26.8136884164,3.97897610454,9.1757366788
2018-11-16 07:26:54,51.7576,-44.6171,116.0,9.85,34.8,-0.00366103949238,0.304031,2.432382,0.0113183166528,2.3,0.09,10.0773544314,0.000469987193363,0.122858189655,26.8268757588,2.24788636331,8.36705829536
2018-11-16 07:26:54,51.7576,-44.6171,118.0,9.754,34.796,-0.00366103950618,0.250061,2.462978,0.0103817575586,2.4,0.16,9.92191563365,0.000435780836773,0.0995952586207,26.8399408723,1.03622880019,7.80103259716
2018-11-16 07:26:54,51.7576,-44.6171,120.0,9.61,34.794,-0.00366103952859,0.190694,2.470627,0.0108500371057,2.5,0.08,9.72185318965,0.000433949474899,0.0740060344828,26.8624614514,0.971358299873,7.77072835002
2018-11-16 07:26:54,51.7576,-44.6171,122.0,9.7,34.848,-0.00366103951449,0.115136,2.493574,0.0117865961998,2.3,0.06,9.60239297434,0.000372282133436,0.0414379310345,26.8897016831,-1.21302226943,6.75029520578
2018-11-16 07:26:54,51.7576,-44.6171,124.0,9.672,34.859,-0.00366103951734,0.10794,2.501223,0.0113183166528,2.4,0.06,9.56752317731,0.000367343854407,0.0383362068966,26.9030193657,-1.38794598921,6.6685796092
2018-11-16 07:26:54,51.7576,-44.6171,126.0,9.701,34.868,-0.00366103951213,0.106141,2.52417,0.0113183166528,2.4,0.08,9.52659572196,0.000394948247913,0.0375607758621,26.9052476488,-0.41014316244,7.12536009287
2018-11-16 07:26:54,51.7576,-44.6171,128.0,9.738,34.879,-0.00366103950681,0.116935,2.508872,0.0103817575586,2.4,0.07,9.49681057431,0.000357653798095,0.042213362069,26.907689778,-1.7311871639,6.50823453195
2018-11-16 07:26:54,51.7576,-44.6171,130.0,9.787,34.891,-0.00366103949929,0.098945,2.501223,0.00944519846448,2.4,0.05,9.46743292195,0.000364185498827,0.0344590517241,26.9088797773,-1.49982126054,6.61631708842
2018-11-16 07:26:54,51.7576,-44.6171,132.0,9.766,34.893,-0.00366103950261,0.106141,2.501223,0.00991347801155,2.4,0.07,9.43462335528,0.000354413426317,0.0375607758621,26.9140169677,-1.845967613,6.4546148577
2018-11-16 07:26:54,51.7576,-44.6171,134.0,9.724,34.893,-0.00366103950827,0.095347,2.516521,0.0108500371057,2.4,0.03,9.39079473095,0.000344615398177,0.0329081896552,26.9211081147,-2.19303336576,6.29248312922
2018-11-16 07:26:54,51.7576,-44.6171,136.0,9.77,34.906,-0.0036610395018,0.088151,2.501223,0.0103817575586,2.3,0.07,9.34283400404,0.00034627223267,0.0298064655172,26.9235903796,-2.13434497436,6.31989940485
2018-11-16 07:26:54,51.7576,-44.6171,138.0,9.826,34.917,-0.00366103948712,0.091749,2.508872,0.0108500371057,2.3,0.09,9.28734409833,0.000343080934645,0.0313573275862,26.9228001307,-2.24738713299,6.2670917728
2018-11-16 07:26:54,51.7576,-44.6171,140.0,9.902,34.935,-0.00366103947821,0.077357,2.508872,0.0108500371057,2.4,0.09,9.22276468499,0.000325296726399,0.0251538793103,26.9240557045,-2.87733935749,5.97280965996
2018-11-16 07:26:54,51.7576,-44.6171,142.0,9.93,34.944,-0.00366103947505,0.079156,2.52417,0.0113183166528,2.3,0.09,9.14259362671,0.000328559559562,0.0259293103448,26.9263801532,-2.76176328118,6.02680101138
2018-11-16 07:26:54,51.7576,-44.6171,144.0,9.98,34.957,-0.00366103946803,0.073759,2.501223,0.0108500371057,2.4,0.04,9.01875563744,0.000330221389375,0.0236030172414,26.9280750344,-2.70289794556,6.05429994648
2018-11-16 07:26:54,51.7576,-44.6171,146.0,9.992,34.973,-0.00366103946186,0.066563,2.516521,0.0108500371057,2.3,0.08,8.83393981105,0.000313970877135,0.0205012931034,26.9385696898,-3.27852359011,5.78539648954
2018-11-16 07:26:54,51.7576,-44.6171,148.0,10.24,35.046,-0.00366103942569,0.05397,2.547117,0.0103817575586,2.4,0.07,8.70916034789,0.000281687013018,0.0150732758621,26.9529903395,-4.42208262488,5.25118301141
2018-11-16 07:26:54,51.7576,-44.6171,150.0,10.179,35.053,-0.00366103943726,0.048573,2.531819,0.0113183166528,2.5,0.05,8.61526313609,0.000289694332087,0.0127469827586,26.9690435947,-4.13844736882,5.38368319029
2018-11-16 07:26:54,51.7576,-44.6171,152.0,10.224,35.076,-0.00366103943104,0.041377,2.52417,0.00991347801155,2.4,0.07,8.55033804975,0.000310793607891,0.00964525862069,26.979264032,-3.3910688213,5.73282099709
2018-11-16 07:26:54,51.7576,-44.6171,154.0,10.152,35.075,-0.00366103944347,0.037779,2.52417,0.00991347801155,2.4,0.04,8.48910422527,0.000262013465719,0.00809439655172,26.9909621063,-5.11895901728,4.92563728085
2018-11-16 07:26:54,51.7576,-44.6171,156.0,10.091,35.067,-0.00366103945215,0.046774,2.547117,0.00991347801155,2.4,0.07,8.36174006712,0.000276549713946,0.0119715517241,26.9952536778,-4.60405603262,5.16617415387
2018-11-16 07:26:54,51.7576,-44.6171,158.0,10.098,35.085,-0.00366103944868,0.037779,2.547117,0.00991347801155,2.4,0.07,8.28226968263,0.000300852624899,0.00809439655172,27.008149225,-3.74319832083,5.56832373986
2018-11-16 07:26:54,51.7576,-44.6171,160.0,10.185,35.11,-0.00366103943633,0.037779,2.516521,0.00991347801155,2.4,0.07,8.27813661896,0.00026197020707,0.00809439655172,27.0127247478,-5.12049132517,4.92492146339
2018-11-16 07:26:54,51.7576,-44.6171,162.0,10.127,35.102,-0.00366103944755,0.034181,2.577713,0.00944519846448,2.4,0.06,8.27518008945,0.000257039321465,0.00654353448276,27.0165250585,-5.29515315505,4.84332820865
2018-11-16 07:26:54,51.7576,-44.6171,164.0,9.853,35.061,-0.00366103948997,0.037779,2.547117,0.0103817575586,2.4,0.05,8.22876342028,0.000264858987716,0.00809439655172,27.0313093228,-5.01816493714,4.97272322438
2018-11-16 07:26:54,51.7576,-44.6171,166.0,9.8,35.05,-0.00366103949726,0.037779,2.554766,0.0113183166528,2.5,0.06,8.13383921157,0.000279413102058,0.00809439655172,27.0317115788,-4.50262909888,5.21355573488
2018-11-16 07:26:54,51.7576,-44.6171,168.0,9.937,35.081,-0.00366103947675,0.034181,2.547117,0.0108500371057,2.4,0.07,8.08610485784,0.000268175668425,0.00654353448276,27.0327703586,-4.90068147307,5.02760561178
2018-11-16 07:26:54,51.7576,-44.6171,170.0,10.064,35.11,-0.00366103945891,0.03598,2.539468,0.0108500371057,2.4,0.05,8.06862457466,0.00028288935763,0.00731896551724,27.0337735409,-4.37949317402,5.27107866873
2018-11-16 07:26:54,51.7576,-44.6171,172.0,10.165,35.134,-0.00366103944207,0.034181,2.508872,0.0108500371057,2.4,0.07,8.02513526471,0.000250520640632,0.00654353448276,27.0351841764,-5.52605786754,4.73546109744
2018-11-16 07:26:54,51.7576,-44.6171,174.0,10.083,35.122,-0.00366103945611,0.039578,2.539468,0.0103817575586,2.4,0.05,7.92862319265,0.000266659438912,0.00886982758621,27.0399735523,-4.95438935485,5.00251598068
2018-11-16 07:26:54,51.7576,-44.6171,176.0,10.04,35.116,-0.00366103946142,0.03598,2.554766,0.0103817575586,2.4,0.08,7.84503239302,0.000264989877043,0.00731896551724,27.0427056209,-5.0135285754,4.97488910026
2018-11-16 07:26:54,51.7576,-44.6171,178.0,10.063,35.123,-0.00366103945881,0.03598,2.539468,0.0103817575586,2.4,0.07,7.75998143073,0.000271495695254,0.00731896551724,27.0442821913,-4.78307948272,5.08254336872
2018-11-16 07:26:54,51.7576,-44.6171,180.0,9.996,35.124,-0.00366103947021,0.037779,2.554766,0.0103817575586,2.4,0.06,7.69962218204,0.000264904935521,0.00809439655172,27.056578311,-5.01653737396,4.97348354034
2018-11-16 07:26:54,51.7576,-44.6171,182.0,10.06,35.139,-0.00366103945844,0.034181,2.562415,0.00991347801155,2.4,0.09,7.65047925498,0.00026982715092,0.00654353448276,27.0573920533,-4.84218266012,5.05493332586
2018-11-16 07:26:54,51.7576,-44.6171,184.0,10.062,35.145,-0.00366103946036,0.039578,2.547117,0.00991347801155,2.4,0.12,7.6356704731,0.000271437116358,0.00886982758621,27.0617854014,-4.78515446436,5.08157404128
2018-11-16 07:26:54,51.7576,-44.6171,186.0,9.961,35.129,-0.00366103947708,0.032382,2.554766,0.00991347801155,2.4,0.08,7.59681086805,0.000258350223003,0.00576810344828,27.0666067461,-5.24871840079,4.86502019903
2018-11-16 07:26:54,51.7576,-44.6171,188.0,9.962,35.13,-0.00366103947699,0.034181,2.554766,0.00991347801155,2.4,0.06,7.53016403278,0.000263216993681,0.00654353448276,27.0672683978,-5.07632764985,4.94555251949
2018-11-16 07:26:54,51.7576,-44.6171,190.0,9.957,35.136,-0.00366103948226,0.039578,2.547117,0.0103817575586,2.4,0.07,7.49026950893,0.000271307255673,0.00886982758621,27.072857443,-4.78975438957,5.07942518672
2018-11-16 07:26:54,51.7576,-44.6171,192.0,9.818,35.122,-0.0036610395017,0.039578,2.554766,0.0113183166528,2.4,0.06,7.46222538054,0.000266271204794,0.00886982758621,27.0855509391,-4.96814138378,4.99609172186
2018-11-16 07:26:54,51.7576,-44.6171,194.0,9.794,35.119,-0.00366103950721,0.03598,2.562415,0.0108500371057,2.5,0.1,7.45650438764,0.000253262417349,0.00731896551724,27.0873078198,-5.42893865265,4.78083032807
2018-11-16 07:26:54,51.7576,-44.6171,196.0,9.667,35.107,-0.00366103952651,0.037779,2.554766,0.0103817575586,2.5,0.07,7.45501862219,0.000279066943792,0.00809439655172,27.0993129003,-4.51489071699,5.20782772132
2018-11-16 07:26:54,51.7576,-44.6171,198.0,9.651,35.116,-0.00366103952874,0.034181,2.562415,0.0117865961998,2.4,0.05,7.46492989545,0.000261170596376,0.00654353448276,27.1090733362,-5.14881513516,4.91168999865
2018-11-16 07:26:54,51.7576,-44.6171,200.0,9.645,35.12,-0.00366103953059,0.037779,2.547117,0.0108500371057,2.4,0.08,7.44714501542,0.00025790592981,0.00809439655172,27.1132525045,-5.26445615427,4.85766830921
2018-11-16 07:26:54,51.7576,-44.6171,202.0,9.617,35.12,-0.00366103953527,0.039578,2.539468,0.0117865961998,2.4,0.05,7.42044320846,0.000270845078521,0.00886982758621,27.1179767879,-4.80612562862,5.07177736418
2018-11-16 07:26:54,51.7576,-44.6171,204.0,9.611,35.119,-0.00366103953682,0.032382,2.554766,0.0122548757469,2.4,0.05,7.39451595606,0.000259480242838,0.00576810344828,27.118231873,-5.2086908382,4.88371907052
2018-11-16 07:26:54,51.7576,-44.6171,206.0,9.609,35.12,-0.00366103953765,0.03598,2.547117,0.0108500371057,2.3,0.07,7.37936354339,0.000231889840274,0.00731896551724,27.1193833197,-6.1859980778,4.42717010034
2018-11-16 07:26:54,51.7576,-44.6171,208.0,9.598,35.126,-0.00366103954079,0.034181,2.547117,0.0117865961998,2.4,0.06,7.39473904065,0.000244838779506,0.00654353448276,27.1259436445,-5.72732075233,4.64144116281
2018-11-16 07:26:54,51.7576,-44.6171,210.0,9.527,35.112,-0.00366103955463,0.032382,2.554766,0.0113183166528,2.4,0.06,7.42357911841,0.000283711695964,0.00576810344828,27.1268353487,-4.35036430555,5.28468621645
2018-11-16 07:26:54,51.7576,-44.6171,212.0,9.305,35.075,-0.00366103959082,0.041377,2.570064,0.0113183166528,2.4,0.06,7.38604422101,0.000272112606416,0.00964525862069,27.134481624,-4.76122725553,5.09275163427
2018-11-16 07:26:54,51.7576,-44.6171,214.0,9.138,35.047,-0.00366103961208,0.034181,2.570064,0.0117865961998,2.5,0.04,7.26242427339,0.000252457295426,0.00654353448276,27.1397490954,-5.45745768143,4.76750766689
2018-11-16 07:26:54,51.7576,-44.6171,216.0,9.288,35.084,-0.00366103958978,0.03598,2.562415,0.0122548757469,2.4,0.06,7.19734788471,0.000255836700888,0.00731896551724,27.1443707693,-5.33775238115,4.82342798484
2018-11-16 07:26:54,51.7576,-44.6171,218.0,9.286,35.091,-0.00366103959403,0.03598,2.570064,0.0117865961998,2.4,0.06,7.17291947032,0.000239588988801,0.00731896551724,27.1502095675,-5.91327883869,4.55457086309
2018-11-16 07:26:54,51.7576,-44.6171,220.0,9.222,35.082,-0.00366103960311,0.03598,2.570064,0.0122548757469,2.3,0.06,7.16364740615,0.000244382139076,0.00731896551724,27.1536289814,-5.74349586965,4.63388495852
2018-11-16 07:26:54,51.7576,-44.6171,222.0,9.169,35.075,-0.00366103961105,0.041377,2.585362,0.0122548757469,2.3,0.06,7.15438836977,0.000245941381064,0.00964525862069,27.1567866049,-5.68826439994,4.65968633356
2018-11-16 07:26:54,51.7576,-44.6171,224.0,9.105,35.064,-0.00366103962215,0.03598,2.585362,0.0122548757469,2.3,0.1,7.10038665206,0.000249116404725,0.00731896551724,27.158556495,-5.57579871181,4.71222466748
2018-11-16 07:26:54,51.7576,-44.6171,226.0,9.077,35.063,-0.00366103962853,0.034181,2.577713,0.0122548757469,2.3,0.07,7.01725951285,0.000237717117917,0.00654353448276,27.1623202682,-5.97958424915,4.52359629784
2018-11-16 07:26:54,51.7576,-44.6171,228.0,9.064,35.065,-0.00366103962881,0.037779,2.60066,0.0122548757469,2.4,0.08,6.91724677821,0.000260408566062,0.00809439655172,27.1660124032,-5.17580777294,4.89908039086
2018-11-16 07:26:54,51.7576,-44.6171,230.0,9.084,35.079,-0.00366103962706,0.034181,2.60066,0.0117865961998,2.4,0.06,6.86174061805,0.000253912445593,0.00654353448276,27.17378774,-5.40591335221,4.79158659465
2018-11-16 07:26:54,51.7576,-44.6171,232.0,9.071,35.081,-0.00366103963034,0.030583,2.615958,0.0122548757469,2.4,0.06,6.85064253817,0.000240905927643,0.00499267241379,27.1774812144,-5.86663023104,4.57636275505
2018-11-16 07:26:54,51.7576,-44.6171,234.0,9.05,35.077,-0.00366103963474,0.037779,2.593011,0.012723155294,2.4,0.09,6.85331254164,0.000273336436878,0.00809439655172,27.1777611735,-4.71787673292,5.11300282617
2018-11-16 07:26:54,51.7576,-44.6171,236.0,9.03,35.074,-0.00366103963913,0.03598,2.60066,0.0122548757469,2.4,0.07,6.86983377132,0.000247350979186,0.00731896551724,27.1786585175,-5.63833361527,4.68301149416
2018-11-16 07:26:54,51.7576,-44.6171,238.0,9.008,35.07,-0.00366103964347,0.034181,2.631256,0.0131914348411,2.4,0.06,6.92582565204,0.000258685588879,0.00654353448276,27.1790887069,-5.23683907071,4.87056962678
2018-11-16 07:26:54,51.7576,-44.6171,240.0,8.865,35.044,-0.00366103966939,0.03598,2.608309,0.012723155294,2.5,0.05,7.01831316223,0.000269887973038,0.00731896551724,27.1815667227,-4.84002821905,5.05593977277
2018-11-16 07:26:54,51.7576,-44.6171,242.0,8.605,35.004,-0.00366103971686,0.039578,2.638905,0.0136597143881,2.4,0.05,7.10508342779,0.000253353718877,0.00886982758621,27.1911524006,-5.42570456995,4.78234112945
2018-11-16 07:26:54,51.7576,-44.6171,244.0,8.242,34.944,-0.00366103977426,0.037779,2.669501,0.0117865961998,2.4,0.01,7.12411842484,0.000243187924426,0.00809439655172,27.1999862812,-5.78579734097,4.61412383082
2018-11-16 07:26:54,51.7576,-44.6171,246.0,8.154,34.925,-0.00366103978082,0.039578,2.654203,nan,nan,nan,7.12583214322,0.000233357707177,0.00886982758621,27.1984266951,-6.13400329638,4.4514594568
2018-11-16 07:26:54,51.7576,-44.6171,248.0,8.058,34.913,-0.00366103979548,0.03598,2.669501,nan,nan,nan,7.11127977816,0.000242966594877,0.00731896551724,27.2034722109,-5.79363727626,4.6104614059
2018-11-16 07:26:54,51.7576,-44.6171,250.0,8.008,34.909,-0.00366103980382,0.034181,2.654203,nan,nan,nan,7.09036389809,0.000247762071433,0.00654353448276,27.2078395732,-5.62377190572,4.68981399519
2018-11-16 07:26:54,51.7576,-44.6171,252.0,8.025,34.917,-0.00366103980166,0.041377,2.67715,nan,nan,nan,7.08951160568,0.000238033343213,0.00964525862069,27.2116113707,-5.96838291671,4.52882899906
2018-11-16 07:26:54,51.7576,-44.6171,254.0,8.033,34.92,-0.00366103980114,0.037779,2.661852,nan,nan,nan,7.1014538056,0.00026562348873,0.00809439655172,27.2128083917,-4.9910847822,4.9853737158
2018-11-16 07:26:54,51.7576,-44.6171,256.0,8.031,34.92,-0.00366103980236,0.037779,2.646554,nan,nan,nan,7.12433261519,0.000255884356845,0.00809439655172,27.2131450394,-5.33606431183,4.82421656623
2018-11-16 07:26:54,51.7576,-44.6171,258.0,7.993,34.915,-0.00366103981186,0.034181,2.67715,nan,nan,nan,7.14686154462,0.000241230692272,0.00654353448276,27.2149314565,-5.85512641833,4.5817367599
2018-11-16 07:26:54,51.7576,-44.6171,260.0,7.876,34.901,-0.00366103982796,0.037779,2.692448,nan,nan,nan,7.14270183019,0.000262166551746,0.00809439655172,27.2213463331,-5.11353640404,4.92817045404
2018-11-16 07:26:54,51.7576,-44.6171,262.0,7.791,34.891,-0.00366103984082,0.046774,2.684799,nan,nan,nan,7.13376391171,0.000268540693415,0.0119715517241,27.2260533948,-4.88775155785,5.03364582026
2018-11-16 07:26:54,51.7576,-44.6171,264.0,7.744,34.887,-0.00366103984909,0.039578,2.669501,nan,nan,nan,7.13655302376,0.000244132431001,0.00886982758621,27.2298390669,-5.75234102907,4.62975294327
2018-11-16 07:26:54,51.7576,-44.6171,266.0,7.7,34.882,-0.00366103985684,0.037779,2.684799,nan,nan,nan,7.13784070549,0.000245693842978,0.00809439655172,27.2323758068,-5.69703269405,4.65559022593
2018-11-16 07:26:54,51.7576,-44.6171,268.0,7.669,34.879,-0.00366103986224,0.03598,2.67715,nan,nan,nan,7.13505104713,0.000244026566473,0.00731896551724,27.23457124,-5.75609096238,4.62800116233
2018-11-16 07:26:54,51.7576,-44.6171,270.0,7.634,34.876,-0.00366103986774,0.037779,2.67715,nan,nan,nan,7.13826998879,0.00024235238236,0.00809439655172,27.2373364032,-5.81539391203,4.60029779588
2018-11-16 07:26:54,51.7576,-44.6171,272.0,7.625,34.875,-0.00366103986936,0.05397,2.684799,nan,nan,nan,7.15623913614,0.000248830254044,0.0150732758621,27.2378919623,-5.58593474126,4.70748962243
2018-11-16 07:26:54,51.7576,-44.6171,274.0,7.613,34.875,-0.00366103987196,0.034181,2.707746,nan,nan,nan,7.20254787163,0.000242319266433,0.00654353448276,27.2396677455,-5.81656694441,4.59974981393
2018-11-16 07:26:54,51.7576,-44.6171,276.0,7.566,34.871,-0.00366103987984,0.037779,2.669501,nan,nan,nan,7.27157295809,0.000243872299055,0.00809439655172,27.2433577118,-5.76155542287,4.62544844021
2018-11-16 07:26:54,51.7576,-44.6171,278.0,7.508,34.866,-0.00366103988941,0.037779,2.700097,nan,nan,nan,7.2898202935,0.000248654164873,0.00809439655172,27.2478181085,-5.59217217187,4.7045758074
2018-11-16 07:26:54,51.7576,-44.6171,280.0,7.438,34.86,-0.00366103990097,0.041377,2.67715,nan,nan,nan,7.28472706527,0.000251795035877,0.00964525862069,27.2531702149,-5.48091623915,4.75654900422
2018-11-16 07:26:54,51.7576,-44.6171,282.0,7.413,34.857,-0.00366103990557,0.039578,2.692448,nan,nan,nan,7.28352457792,0.000331269029031,0.00886982758621,27.2544161201,-2.66578845367,6.07163564157
2018-11-16 07:26:54,51.7576,-44.6171,284.0,7.381,34.854,-0.00366103991189,0.041377,2.692448,nan,nan,nan,7.27577944512,0.000289033222158,0.00964525862069,27.2566514329,-4.16186520472,5.37274355081
2018-11-16 07:26:54,51.7576,-44.6171,286.0,7.329,34.849,-0.00366103992031,0.037779,2.700097,nan,nan,nan,7.26579337751,0.000243522692024,0.00809439655172,27.2601386134,-5.77393920311,4.61966335862
2018-11-16 07:26:54,51.7576,-44.6171,288.0,7.279,34.844,-0.00366103992893,0.039578,2.692448,nan,nan,nan,7.25272903701,0.000285637657158,0.00886982758621,27.2633122782,-4.28214290815,5.31655583479
2018-11-16 07:26:54,51.7576,-44.6171,290.0,7.189,34.837,-0.00366103994518,0.037779,2.715395,nan,nan,nan,7.24763793108,0.000270895563402,0.00809439655172,27.2704997613,-4.80433735316,5.07261275687
2018-11-16 07:26:54,51.7576,-44.6171,292.0,7.094,34.83,-0.00366103995955,0.039578,2.715395,nan,nan,nan,7.27069694125,0.000262634357245,0.00886982758621,27.2782909097,-5.09696579768,4.93591141099
2018-11-16 07:26:54,51.7576,-44.6171,294.0,6.993,34.822,-0.00366103997652,0.037779,2.700097,nan,nan,nan,7.28595610878,0.000255986879267,0.00809439655172,27.2860197873,-5.33243276261,4.82591304406
2018-11-16 07:26:54,51.7576,-44.6171,296.0,6.936,34.818,-0.00366103998476,0.037779,2.715395,nan,nan,nan,7.30227996951,0.000254273821732,0.00809439655172,27.2907501166,-5.3931126866,4.79756642419
2018-11-16 07:26:54,51.7576,-44.6171,298.0,6.867,34.811,-0.00366103999615,0.039578,2.707746,nan,nan,nan,7.31569769826,0.00024605649851,0.00886982758621,27.2947188596,-5.68418670978,4.66159122607
2018-11-16 07:26:54,51.7576,-44.6171,300.0,6.807,34.805,-0.00366104000586,0.039578,2.715395,nan,nan,nan,7.32416923264,0.000242720025392,0.00886982758621,27.2981977293,-5.80237126057,4.60638132609
2018-11-16 07:26:54,51.7576,-44.6171,302.0,6.763,34.801,-0.00366104001235,0.041377,2.707746,nan,nan,nan,7.31799101181,0.000275104533043,0.00964525862069,27.3010461663,-4.65524723056,5.14226019135
2018-11-16 07:26:54,51.7576,-44.6171,304.0,6.759,34.804,-0.00366104001311,0.037779,2.707746,nan,nan,nan,7.31411048075,0.000244259245568,0.00809439655172,27.3039862942,-5.74784900348,4.63185139253
2018-11-16 07:26:54,51.7576,-44.6171,306.0,6.757,34.806,-0.00366104001353,0.039578,2.707746,nan,nan,nan,7.31834389917,0.000236137119744,0.00886982758621,27.3058684138,-6.03555094443,4.49745146225
2018-11-16 07:26:54,51.7576,-44.6171,308.0,6.741,34.803,-0.00366104001616,0.039578,2.715395,nan,nan,nan,7.31852034983,0.000244229574406,0.00886982758621,27.3057019341,-5.74890001539,4.63136041243
2018-11-16 07:26:54,51.7576,-44.6171,310.0,6.727,34.803,-0.00366104001801,0.037779,2.707746,nan,nan,nan,7.31869680516,0.000240959118345,0.00809439655172,27.3076277235,-5.86474610999,4.57724292199
2018-11-16 07:26:54,51.7576,-44.6171,312.0,6.695,34.802,-0.00366104002329,0.043176,2.692448,nan,nan,nan,7.31411048075,0.000250639960312,0.0104206896552,27.3111882881,-5.52183132583,4.73743552594
2018-11-16 07:26:54,51.7576,-44.6171,314.0,6.69,34.804,-0.00366104002427,0.037779,2.700097,nan,nan,nan,7.29403832471,0.000229531325207,0.00809439655172,27.3134728855,-6.2695413985,4.3881428472
2018-11-16 07:26:54,51.7576,-44.6171,316.0,6.687,34.807,-0.00366104002451,0.041377,2.700097,nan,nan,nan,7.26211807599,0.000247366858262,0.00964525862069,27.3162767005,-5.63777114664,4.68327425132
2018-11-16 07:26:54,51.7576,-44.6171,318.0,6.725,34.826,-0.00366104001775,0.03598,2.684799,nan,nan,nan,7.22025846393,0.00023602599222,0.00731896551724,27.3261709723,-6.03948730357,4.49561259251
2018-11-16 07:26:54,51.7576,-44.6171,320.0,6.828,34.858,-0.00366104000275,0.03598,2.707746,nan,nan,nan,7.23400811304,0.000250728948562,0.00731896551724,27.3374631281,-5.51867918402,4.73890804864
2018-11-16 07:26:54,51.7576,-44.6171,322.0,6.81,34.856,-0.00366104000588,0.041377,2.692448,nan,nan,nan,7.28174318919,0.000236098348266,0.00964525862069,27.3383719914,-6.03692430772,4.49680989574
2018-11-16 07:26:54,51.7576,-44.6171,324.0,6.708,34.846,-0.00366104002279,0.039578,2.692448,nan,nan,nan,7.33521599039,0.000240809696189,0.00886982758621,27.3443391554,-5.87003894158,4.5747703763
2018-11-16 07:26:54,51.7576,-44.6171,326.0,6.557,34.826,-0.00366104004542,0.039578,2.67715,nan,nan,nan,7.3314138467,0.000240589846331,0.00886982758621,27.3488356319,-5.87782646325,4.5711324364
2018-11-16 07:26:54,51.7576,-44.6171,328.0,6.526,34.823,-0.00366104005012,0.037779,2.707746,nan,nan,nan,7.28455150619,0.000230805638843,0.00809439655172,27.3506249115,-6.2244026609,4.40922940354
2018-11-16 07:26:54,51.7576,-44.6171,330.0,6.511,34.826,-0.00366104005208,0.041377,2.700097,nan,nan,nan,7.19085364912,0.000243751317779,0.00964525862069,27.3550164401,-5.76584082164,4.62344651664
2018-11-16 07:26:54,51.7576,-44.6171,332.0,6.803,34.875,-0.00366104000641,0.032382,2.692448,nan,nan,nan,7.11692568855,0.00022467652052,0.00576810344828,27.3544765611,-6.44150829015,4.30780853256
2018-11-16 07:26:54,51.7576,-44.6171,334.0,6.918,34.904,-0.00366103998688,0.03598,2.700097,nan,nan,nan,7.10512614128,0.000226427133343,0.00731896551724,27.3616546249,-6.37949808274,4.33677659418
2018-11-16 07:26:54,51.7576,-44.6171,336.0,6.919,34.909,-0.00366103998772,0.032382,2.692448,nan,nan,nan,7.09334779562,0.000221547651402,0.00576810344828,27.3654930231,-6.55233909202,4.25603393558
2018-11-16 07:26:54,51.7576,-44.6171,338.0,6.942,34.922,-0.00366103998471,0.03598,2.67715,nan,nan,nan,7.09015081464,0.000232912312955,0.00731896551724,27.3726110264,-6.14978005051,4.44408934783
2018-11-16 07:26:54,51.7576,-44.6171,340.0,6.907,34.921,-0.00366103999035,0.034181,2.67715,nan,nan,nan,7.08278239483,0.000221494213262,0.00654353448276,27.3766681097,-6.55423197782,4.25514967419
2018-11-16 07:26:54,51.7576,-44.6171,342.0,6.899,34.925,-0.00366103999243,0.032382,2.700097,nan,nan,nan,7.07950547595,0.000252299330403,0.00576810344828,27.3809533821,-5.46305311845,4.7648937591
2018-11-16 07:26:54,51.7576,-44.6171,344.0,6.872,34.927,-0.00366103999681,0.039578,2.669501,nan,nan,nan,7.08142035904,0.00022141572201,0.00886982758621,27.3862638204,-6.55701229495,4.25385084934
2018-11-16 07:26:54,51.7576,-44.6171,346.0,6.86,34.927,-0.00366103999977,0.034181,2.669501,nan,nan,nan,7.09142941971,0.000218149004393,0.00654353448276,27.3879404245,-6.67272596638,4.19979522038
2018-11-16 07:26:54,51.7576,-44.6171,348.0,6.828,34.926,-0.0036610400048,0.037779,2.684799,nan,nan,nan,7.10444276024,0.000226207582204,0.00809439655172,27.3915563081,-6.38727502317,4.33314359731
2018-11-16 07:26:54,51.7576,-44.6171,350.0,6.798,34.925,-0.00366104000962,0.037779,2.684799,nan,nan,nan,7.12326173342,0.000213175381603,0.00809439655172,27.3948885066,-6.84890163285,4.11749477704
2018-11-16 07:26:54,51.7576,-44.6171,352.0,6.702,34.918,-0.00366104002546,0.037779,2.692448,nan,nan,nan,7.13955800693,0.000258455091792,0.00809439655172,27.4024094352,-5.24500373854,4.8667555031
2018-11-16 07:26:54,51.7576,-44.6171,354.0,6.677,34.915,-0.00366104003052,0.034181,2.692448,nan,nan,nan,7.15632523101,0.0002421916061,0.00654353448276,27.4034449923,-5.82108892874,4.59763736945
2018-11-16 07:26:54,51.7576,-44.6171,356.0,6.589,34.911,-0.00366104004405,0.037779,2.700097,nan,nan,nan,7.16127757655,0.000238797525856,0.00809439655172,27.4121239489,-5.94131403914,4.54147422226
2018-11-16 07:26:54,51.7576,-44.6171,358.0,6.573,34.91,-0.00366104004649,0.037779,2.692448,nan,nan,nan,7.16778587939,0.000232280569153,0.00809439655172,27.4135004969,-6.17215767946,4.43363564091
2018-11-16 07:26:54,51.7576,-44.6171,360.0,6.56,34.914,-0.00366104004916,0.039578,2.700097,nan,nan,nan,7.17810025049,0.000230623554507,0.00886982758621,27.4184188048,-6.23085245226,4.40621638421
2018-11-16 07:26:54,51.7576,-44.6171,362.0,6.543,34.915,-0.00366104005158,0.034181,2.684799,nan,nan,nan,7.1839334943,0.00022085409271,0.00654353448276,27.4215011503,-6.57690632803,4.24455735396
2018-11-16 07:26:54,51.7576,-44.6171,364.0,6.537,34.915,-0.0036610400527,0.03598,2.707746,nan,nan,nan,7.18990169776,0.00021922051879,0.00731896551724,27.422328043,-6.63477078342,4.21752597995
2018-11-16 07:26:54,51.7576,-44.6171,366.0,6.533,34.914,-0.00366104005363,0.037779,2.692448,nan,nan,nan,7.20623367136,0.000241932795905,0.00809439655172,27.4220994458,-5.83025650347,4.59335473791
2018-11-16 07:26:54,51.7576,-44.6171,368.0,6.511,34.913,-0.00366104005784,0.039578,2.684799,nan,nan,nan,7.22982798719,0.000246763229498,0.00886982758621,27.4242623788,-5.65915288471,4.67328577472
2018-11-16 07:26:54,51.7576,-44.6171,370.0,6.464,34.909,-0.00366104006547,0.034181,2.684799,nan,nan,nan,7.25542899363,0.000222348470504,0.00654353448276,27.4273617628,-6.5239724778,4.26928539631
2018-11-16 07:26:54,51.7576,-44.6171,372.0,6.389,34.906,-0.00366104007758,0.034181,2.684799,nan,nan,nan,7.2761301058,0.000231954658921,0.00654353448276,27.4349080466,-6.18370207169,4.42824267934
2018-11-16 07:26:54,51.7576,-44.6171,374.0,6.344,34.903,-0.00366104008454,0.032382,2.692448,nan,nan,nan,7.29421413396,0.000243238256846,0.00576810344828,27.4384685742,-5.78401446598,4.61495670067
2018-11-16 07:26:54,51.7576,-44.6171,376.0,6.298,34.902,-0.00366104009168,0.039578,2.700097,nan,nan,nan,7.30582780231,0.000230174885763,0.00886982758621,27.4437150834,-6.24674519652,4.39879209047
2018-11-16 07:26:54,51.7576,-44.6171,378.0,6.269,34.908,-0.00366104009633,0.037779,2.67715,nan,nan,nan,7.30653231117,0.00023659561238,0.00809439655172,27.4522561316,-6.01931021829,4.5050383157
2018-11-16 07:26:54,51.7576,-44.6171,380.0,6.297,34.92,-0.00366104009141,0.034181,2.692448,nan,nan,nan,7.30107431201,0.000212275703343,0.00654353448276,27.4581128444,-6.88077003617,4.10260745591
2018-11-16 07:26:54,51.7576,-44.6171,382.0,6.328,34.93,-0.00366104008633,0.034181,2.669501,nan,nan,nan,7.29905070528,0.000228532516371,0.00654353448276,27.4619881467,-6.30492120509,4.37161517442
2018-11-16 07:26:54,51.7576,-44.6171,384.0,6.352,34.939,-0.0036610400829,0.034181,2.669501,nan,nan,nan,7.3000184406,0.000217194216198,0.00654353448276,27.4659796124,-6.70654647384,4.18399597402
2018-11-16 07:26:54,51.7576,-44.6171,386.0,6.356,34.944,-0.00366104008232,0.032382,2.669501,nan,nan,nan,7.29443390202,0.000223678717299,0.00576810344828,27.4694302647,-6.47685247582,4.29129750009
2018-11-16 07:26:54,51.7576,-44.6171,388.0,6.366,34.95,-0.00366104008048,0.03598,2.669501,nan,nan,nan,7.28876620274,0.000231794232776,0.00731896551724,27.4728830588,-6.18938468662,4.4255880464
2018-11-16 07:26:54,51.7576,-44.6171,390.0,6.386,34.957,-0.00366104007735,0.037779,2.669501,nan,nan,nan,7.2852098768,0.00022369912619,0.00809439655172,27.4758100146,-6.47612955209,4.29163521383
2018-11-16 07:26:54,51.7576,-44.6171,392.0,6.403,34.966,-0.0036610400751,0.034181,2.661852,nan,nan,nan,7.28345436644,0.000218838372121,0.00654353448276,27.4807057522,-6.64830718272,4.2112024525
2018-11-16 07:26:54,51.7576,-44.6171,394.0,6.41,34.97,-0.00366104007414,0.034181,2.684799,nan,nan,nan,7.28033947467,0.000213972616343,0.00654353448276,27.482969086,-6.82066198391,4.13068692595
2018-11-16 07:26:54,51.7576,-44.6171,396.0,6.413,34.973,-0.00366104007391,0.032382,2.684799,nan,nan,nan,7.28016403116,0.000225328535271,0.00576810344828,27.4849696889,-6.41841262362,4.31859767066
2018-11-16 07:26:54,51.7576,-44.6171,398.0,6.415,34.976,-0.00366104007391,0.03598,2.669501,nan,nan,nan,7.28139223284,0.000217210994044,0.00731896551724,27.4871019963,-6.70595216898,4.18427360346
2018-11-16 07:26:54,51.7576,-44.6171,400.0,6.413,34.977,-0.00366104007437,0.03598,2.654203,nan,nan,nan,7.28674632794,0.000215582000778,0.00731896551724,27.4881828111,-6.76365436845,4.15731802729
2018-11-16 07:26:54,51.7576,-44.6171,402.0,6.407,34.978,-0.00366104007567,0.030583,2.67715,nan,nan,nan,7.2919289755,0.000212323014953,0.00499267241379,27.4897905223,-6.87909416433,4.10339033926
2018-11-16 07:26:54,51.7576,-44.6171,404.0,6.398,34.979,-0.00366104007751,0.028784,2.669501,nan,nan,nan,7.29949056757,0.00021717167949,0.00421724137931,27.4917927061,-6.70734476909,4.18362305047
2018-11-16 07:26:54,51.7576,-44.6171,406.0,6.383,34.981,-0.00366104008026,0.034181,2.661852,nan,nan,nan,7.30565168671,0.00021227079128,0.00654353448276,27.4953720797,-6.88094403129,4.10252617411
2018-11-16 07:26:54,51.7576,-44.6171,408.0,6.373,34.983,-0.00366104008195,0.028784,2.654203,nan,nan,nan,7.31159815758,0.000217114905618,0.00421724137931,27.4982924563,-6.70935581321,4.18268359144
2018-11-16 07:26:54,51.7576,-44.6171,410.0,6.364,34.984,-0.00366104008372,0.03598,2.669501,nan,nan,nan,7.31940267309,0.000220340899099,0.00731896551724,27.5002910535,-6.59508467211,4.23606534251
2018-11-16 07:26:54,51.7576,-44.6171,412.0,6.351,34.984,-0.00366104008656,0.037779,2.661852,nan,nan,nan,7.33712672003,0.000221939547416,0.00809439655172,27.5020236673,-6.53845735144,4.26251878917
2018-11-16 07:26:54,51.7576,-44.6171,414.0,6.316,34.983,-0.00366104009248,0.034181,2.684799,nan,nan,nan,7.35976076113,0.000217009651028,0.00654353448276,27.5058426119,-6.71308414127,4.18094190339
2018-11-16 07:26:54,51.7576,-44.6171,416.0,6.282,34.98,-0.00366104009827,0.034181,2.661852,nan,nan,nan,7.38062790885,0.000226690556318,0.00654353448276,27.5079378284,-6.37016711412,4.34113555515
2018-11-16 07:26:54,51.7576,-44.6171,418.0,6.239,34.976,-0.00366104010574,0.032382,2.661852,nan,nan,nan,7.39681854509,0.000210395140253,0.00576810344828,27.5103983329,-6.94738334195,4.0714890574
2018-11-16 07:26:54,51.7576,-44.6171,420.0,6.219,34.975,-0.00366104010931,0.034181,2.669501,nan,nan,nan,7.4155630514,0.000220096449131,0.00654353448276,27.5122293897,-6.60374357889,4.23202033516
2018-11-16 07:26:54,51.7576,-44.6171,422.0,6.179,34.972,-0.00366104011606,0.037779,2.67715,nan,nan,nan,7.43321996872,0.000231388445869,0.00809439655172,27.5150605562,-6.20375847043,4.41887333486
2018-11-16 07:26:54,51.7576,-44.6171,424.0,6.135,34.968,-0.00366104012367,0.03598,2.67715,nan,nan,nan,7.44819729825,0.000226449126873,0.00731896551724,27.517597447,-6.37871902789,4.33714052956
2018-11-16 07:26:54,51.7576,-44.6171,426.0,6.116,34.966,-0.00366104012722,0.03598,2.67715,nan,nan,nan,7.46666135259,0.000224796322546,0.00731896551724,27.5184854964,-6.43726466277,4.30979094263
2018-11-16 07:26:54,51.7576,-44.6171,428.0,6.106,34.963,-0.00366104013017,0.03598,2.684799,nan,nan,nan,7.51311552795,0.000221540393937,0.00731896551724,27.5174250865,-6.55259616598,4.25591384351
2018-11-16 07:26:54,51.7576,-44.6171,430.0,5.976,34.95,-0.0036610401526,0.034181,2.67715,nan,nan,nan,7.5563882788,0.00023917994365,0.00654353448276,27.523755557,-5.92776803603,4.54780223613
2018-11-16 07:26:54,51.7576,-44.6171,432.0,5.891,34.939,-0.00366104016483,0.034181,2.684799,nan,nan,nan,7.58688933302,0.000248784564583,0.00654353448276,27.525819327,-5.58755315335,4.7067335814
2018-11-16 07:26:54,51.7576,-44.6171,434.0,5.848,34.933,-0.00366104017205,0.034181,2.67715,nan,nan,nan,7.61798809395,0.000229247456663,0.00654353448276,27.526498774,-6.27959659008,4.38344556556
2018-11-16 07:26:54,51.7576,-44.6171,436.0,5.777,34.924,-0.00366104018351,0.037779,2.67715,nan,nan,nan,7.65998292038,0.000229136450958,0.00809439655172,27.5282723754,-6.28352863418,4.38160871158
2018-11-16 07:26:54,51.7576,-44.6171,438.0,5.684,34.915,-0.00366104019865,0.034181,2.669501,nan,nan,nan,7.68601121228,0.00023871851154,0.00654353448276,27.5327023796,-5.94411288425,4.54016674207
2018-11-16 07:26:54,51.7576,-44.6171,440.0,5.644,34.912,-0.00366104020521,0.032382,2.661852,nan,nan,nan,7.70074208665,0.000219178117944,0.00576810344828,27.5352794314,-6.63627270619,4.21682435689
2018-11-16 07:26:54,51.7576,-44.6171,442.0,5.631,34.911,-0.00366104020771,0.037779,2.669501,nan,nan,nan,7.71905960007,0.000232136877458,0.00809439655172,27.5361097761,-6.1772475267,4.43125791933
2018-11-16 07:26:54,51.7576,-44.6171,444.0,5.589,34.912,-0.00366104021467,0.030583,2.661852,nan,nan,nan,7.7357370322,0.000235298469027,0.00499267241379,27.5420716889,-6.06525763013,4.48357398727
2018-11-16 07:26:54,51.7576,-44.6171,446.0,5.568,34.913,-0.00366104021783,0.034181,2.661852,nan,nan,nan,7.73986574306,0.000225519390814,0.00654353448276,27.5454530797,-6.4116521386,4.3217558305
2018-11-16 07:26:54,51.7576,-44.6171,448.0,5.568,34.913,-0.00366104021781,0.03598,2.661852,nan,nan,nan,7.74024120244,0.000225519390814,0.00731896551724,27.5454775733,-6.4116521386,4.3217558305
2018-11-16 07:26:54,51.7576,-44.6171,450.0,5.564,34.914,-0.0036610402187,0.03598,2.669501,nan,nan,nan,7.74869442049,0.000222263684777,0.00731896551724,27.5467815986,-6.52697575783,4.26788241437
2018-11-16 07:26:54,51.7576,-44.6171,452.0,5.558,34.915,-0.00366104021961,0.034181,2.669501,nan,nan,nan,7.75471187407,0.000238475730313,0.00654353448276,27.5483293106,-5.95271268085,4.53614934803
2018-11-16 07:26:54,51.7576,-44.6171,454.0,5.553,34.919,-0.00366104022041,0.037779,2.654203,nan,nan,nan,7.76304149185,0.000231964703657,0.00809439655172,27.5521292554,-6.18334626707,4.42840889343
2018-11-16 07:26:54,51.7576,-44.6171,456.0,5.555,34.926,-0.00366104021993,0.034181,2.654203,nan,nan,nan,7.75809898698,0.000231949649116,0.00654353448276,27.5574504598,-6.18387952902,4.42815978017
2018-11-16 07:26:54,51.7576,-44.6171,458.0,5.568,34.932,-0.00366104021797,0.037779,2.646554,nan,nan,nan,7.75292489761,0.000231958572898,0.00809439655172,27.5606380262,-6.18356343082,4.42830744541
2018-11-16 07:26:54,51.7576,-44.6171,460.0,5.593,34.941,-0.0036610402142,0.034181,2.631256,nan,nan,nan,7.75151445182,0.000275793700419,0.00654353448276,27.5647300853,-4.63083554376,5.15366410817
2018-11-16 07:26:54,51.7576,-44.6171,462.0,5.615,34.948,-0.00366104021084,0.037779,2.646554,nan,nan,nan,7.74658014937,0.00023200609119,0.00809439655172,27.5675994097,-6.18188023786,4.42909374882
2018-11-16 07:26:54,51.7576,-44.6171,464.0,5.626,34.952,-0.00366104020942,0.034181,2.669501,nan,nan,nan,7.74850645917,0.000241752303767,0.00654353448276,27.5694398666,-5.83664989597,4.5903680653
2018-11-16 07:26:54,51.7576,-44.6171,466.0,5.627,34.953,-0.00366104020952,0.032382,2.654203,nan,nan,nan,7.75283085896,0.000233638354692,0.00576810344828,27.5701332407,-6.12406220009,4.45610343884
2018-11-16 07:26:54,51.7576,-44.6171,468.0,5.63,34.957,-0.00366104020941,0.034181,2.661852,nan,nan,nan,7.75480593821,0.000220652252739,0.00654353448276,27.5729549884,-6.58405590347,4.24121743058
2018-11-16 07:26:54,51.7576,-44.6171,470.0,5.634,34.959,-0.00366104020895,0.037779,2.654203,nan,nan,nan,7.76111114253,0.000246616720592,0.00809439655172,27.574071125,-5.66434252319,4.67086143567
2018-11-16 07:26:54,51.7576,-44.6171,472.0,5.637,34.961,-0.00366104020881,0.032382,2.669501,nan,nan,nan,7.77836205402,0.000232013383103,0.00576810344828,27.5753099848,-6.18162194371,4.4292144109
2018-11-16 07:26:54,51.7576,-44.6171,474.0,5.64,34.965,-0.00366104020916,0.034181,2.646554,nan,nan,nan,7.80057782769,0.000222272550631,0.00654353448276,27.5781313497,-6.52666171155,4.26802912106
2018-11-16 07:26:54,51.7576,-44.6171,476.0,5.626,34.963,-0.00366104021222,0.037779,2.646554,nan,nan,nan,7.83546215912,0.000220628342393,0.00809439655172,27.5782935441,-6.58490285577,4.2408217769
2018-11-16 07:26:54,51.7576,-44.6171,478.1,5.571,34.956,-0.00366104022258,0.034181,2.638905,nan,nan,nan,7.87903865202,0.000257861680161,0.00654353448276,27.5795142947,-5.26602356535,4.8569360933
2018-11-16 07:26:54,51.7576,-44.6171,480.0,5.453,34.943,-0.0036610402417,0.039578,2.646554,nan,nan,nan,7.90623799117,0.000226837818818,0.00886982758621,27.5835759109,-6.36495078181,4.34357236422
2018-11-16 07:26:54,51.7576,-44.6171,482.0,5.387,34.935,-0.00366104025108,0.032382,2.661852,nan,nan,nan,7.91706064311,0.000228353371381,0.00576810344828,27.5852088998,-6.31126687895,4.36865079357
2018-11-16 07:26:54,51.7576,-44.6171,484.0,5.37,34.933,-0.00366104025405,0.034181,2.623607,nan,nan,nan,7.92452594976,0.000233193454134,0.00654353448276,27.5856866915,-6.13982146767,4.44874149871
2018-11-16 07:26:54,51.7576,-44.6171,486.0,5.351,34.932,-0.00366104025734,0.037779,2.654203,nan,nan,nan,7.93286755883,0.000251007962028,0.00809439655172,27.5871920351,-5.50879596904,4.74352499144
2018-11-16 07:26:54,51.7576,-44.6171,488.0,5.329,34.93,-0.00366104026079,0.032382,2.661852,nan,nan,nan,7.93972182103,0.000234743918681,0.00576810344828,27.5882588544,-6.08490091247,4.47439763007
2018-11-16 07:26:54,51.7576,-44.6171,490.0,5.325,34.93,-0.00366104026182,0.03598,2.654203,nan,nan,nan,7.94793640736,0.000228245534318,0.00731896551724,27.5887596323,-6.31508668339,4.36686637235
2018-11-16 07:26:54,51.7576,-44.6171,492.0,5.307,34.929,-0.00366104026497,0.034181,2.638905,nan,nan,nan,7.95906551453,0.000234703463709,0.00654353448276,27.5901355693,-6.08633390849,4.47372820614
2018-11-16 07:26:54,51.7576,-44.6171,494.0,5.29,34.927,-0.00366104026777,0.03598,2.646554,nan,nan,nan,7.97530676081,0.000281731909597,0.00731896551724,27.5905965719,-4.42049229824,5.25192593233
2018-11-16 07:26:54,51.7576,-44.6171,496.0,5.247,34.923,-0.003661040275,0.032382,2.631256,nan,nan,nan,7.98613883324,0.000244337536406,0.00576810344828,27.5925496133,-5.74507578542,4.63314690104
2018-11-16 07:26:54,51.7576,-44.6171,498.0,5.224,34.92,-0.00366104027885,0.034181,2.638905,nan,nan,nan,8.00010411959,0.000292979383279,0.00654353448276,27.5929141575,-4.02208428549,5.43804219195
2018-11-16 07:26:54,51.7576,-44.6171,500.0,5.194,34.918,-0.00366104028404,0.03598,2.638905,nan,nan,nan,8.01009621654,0.000241001253507,0.00731896551724,27.5948886585,-5.86325359826,4.57794014869
2018-11-16 07:26:54,51.7576,-44.6171,504.0,5.157,34.916,-0.00366104029032,0.034181,2.638905,nan,nan,nan,8.02919345571,0.000250669297987,0.00654353448276,27.5976965296,-5.52079212672,4.73792098769
2018-11-16 07:26:54,51.7576,-44.6171,508.0,5.139,34.915,-0.00366104029356,0.032382,2.631256,nan,nan,nan,8.05838286073,0.000249013712865,0.00576810344828,27.5990563617,-5.57943626289,4.71052538589
2018-11-16 07:26:54,51.7576,-44.6171,512.0,5.086,34.909,-0.00366104030313,0.034181,2.638905,nan,nan,nan,8.09910248823,0.00024243423715,0.00654353448276,27.6005294306,-5.81249445168,4.60165227846
2018-11-16 07:26:54,51.7576,-44.6171,516.0,5.004,34.903,-0.00366104031596,0.034181,2.631256,nan,nan,nan,8.1189950507,0.000247155012623,0.00654353448276,27.6053204467,-5.64527514287,4.6797687603
2018-11-16 07:26:54,51.7576,-44.6171,520.0,4.979,34.902,-0.0036610403201,0.034181,2.623607,nan,nan,nan,8.12427671594,0.000250353021378,0.00654353448276,27.60745163,-5.53199527674,4.73268743739
2018-11-16 07:26:54,51.7576,-44.6171,523.9,4.988,34.907,-0.00366104031826,0.034181,2.631256,nan,nan,nan,8.10722691776,0.000260093242564,0.00654353448276,27.6104205624,-5.18697716189,4.89386261203
2018-11-16 07:26:54,51.7576,-44.6171,528.0,5.04,34.919,-0.00366104031016,0.034181,2.615958,nan,nan,nan,8.10492306883,0.000252051296225,0.00654353448276,27.6139693647,-5.47183898512,4.76078944244
2018-11-16 07:26:54,51.7576,-44.6171,532.0,5.048,34.922,-0.00366104030948,0.032382,2.623607,nan,nan,nan,8.11340054416,0.000245568555547,0.00576810344828,27.6154628687,-5.7014706254,4.65351704678
2018-11-16 07:26:54,51.7576,-44.6171,536.0,5.034,34.92,-0.00366104031281,0.03598,2.638905,nan,nan,nan,8.15342063181,0.000245546073548,0.00731896551724,27.6155418369,-5.70226698279,4.65314502851
2018-11-16 07:26:54,51.7576,-44.6171,540.0,4.95,34.914,-0.00366104032645,0.032382,2.623607,nan,nan,nan,8.19551732197,0.00024701705691,0.00576810344828,27.6205110166,-5.65016181015,4.67748595422
2018-11-16 07:26:54,51.7576,-44.6171,544.0,4.888,34.909,-0.00366104033612,0.032382,2.623607,nan,nan,nan,8.21271830127,0.000250151437441,0.00576810344828,27.623681678,-5.53913578297,4.72935175068
2018-11-16 07:26:54,51.7576,-44.6171,548.0,4.875,34.907,-0.00366104033911,0.032382,2.615958,nan,nan,nan,8.22834098752,0.000250130720698,0.00576810344828,27.6236182072,-5.53986961145,4.72900894279
2018-11-16 07:26:54,51.7576,-44.6171,552.0,4.847,34.904,-0.00366104034419,0.034181,2.615958,nan,nan,nan,8.26070850545,0.000259818289429,0.00654353448276,27.6244639652,-5.19671655186,4.88931285707
2018-11-16 07:26:54,51.7576,-44.6171,556.0,4.802,34.905,-0.00366104035169,0.032382,2.615958,nan,nan,nan,8.28948793651,0.000280818980604,0.00576810344828,27.6303969245,-4.45283006906,5.23681934622
2018-11-16 07:26:54,51.7576,-44.6171,560.0,4.779,34.904,-0.00366104035556,0.034181,2.623607,nan,nan,nan,8.29988186296,0.000251567748985,0.00654353448276,27.6322408426,-5.48896719546,4.75278800085
2018-11-16 07:26:54,51.7576,-44.6171,564.0,4.766,34.904,-0.0036610403581,0.03598,2.615958,nan,nan,nan,8.30776844146,0.000287239398977,0.00731896551724,27.6337462973,-4.22540600942,5.34306047083
2018-11-16 07:26:54,51.7576,-44.6171,568.0,4.755,34.903,-0.00366104036033,0.034181,2.60066,nan,nan,nan,8.31909496743,0.000248276591661,0.00654353448276,27.63423111,-5.60554657019,4.69832795869
2018-11-16 07:26:54,51.7576,-44.6171,572.0,4.741,34.902,-0.00366104036293,0.032382,2.608309,nan,nan,nan,8.3305615838,0.000264477279924,0.00576810344828,27.6350512748,-5.03168579053,4.96640695919
2018-11-16 07:26:54,51.7576,-44.6171,576.0,4.722,34.901,-0.00366104036655,0.034181,2.60066,nan,nan,nan,8.34613413767,0.0002498377268,0.00654353448276,27.6364294039,-5.55024804127,4.72416066043
2018-11-16 07:26:54,51.7576,-44.6171,580.0,4.707,34.899,-0.00366104036997,0.032382,2.615958,nan,nan,nan,8.38456945768,0.000261171150103,0.00576810344828,27.6365618222,-5.14879552105,4.91169916138
2018-11-16 07:26:54,51.7576,-44.6171,584.0,4.631,34.893,-0.00366104038389,0.028784,2.608309,nan,nan,nan,8.44092632462,0.000248051633346,0.00421724137931,27.6403074578,-5.61351504361,4.6946054872
2018-11-16 07:26:54,51.7576,-44.6171,588.0,4.573,34.888,-0.0036610403928,0.034181,2.585362,nan,nan,nan,8.47595048459,0.000264173044263,0.00654353448276,27.6427934487,-5.04246242613,4.96137265505
2018-11-16 07:26:54,51.7576,-44.6171,592.0,4.503,34.882,-0.00366104040561,0.034181,2.577713,nan,nan,nan,8.52136400643,0.000268913695805,0.00654353448276,27.6457579255,-4.87453906719,5.03981803383
2018-11-16 07:26:54,51.7576,-44.6171,596.0,4.443,34.876,-0.00366104041478,0.037779,2.570064,nan,nan,nan,8.55506943195,0.000259070710119,0.00809439655172,27.6475754614,-5.22319730616,4.8769423756
2018-11-16 07:26:54,51.7576,-44.6171,600.0,4.37,34.868,-0.00366104042643,0.032382,2.554766,nan,nan,nan,8.60110013165,0.000268677490969,0.00576810344828,27.6491620193,-4.88290591491,5.03590946184
2018-11-16 07:26:54,51.7576,-44.6171,604.0,4.311,34.864,-0.00366104043608,0.032382,2.547117,nan,nan,nan,8.61446793751,0.000253962303852,0.00576810344828,27.6523626416,-5.40414727296,4.79241161838
2018-11-16 07:26:54,51.7576,-44.6171,608.1,4.289,34.864,-0.00366104043989,0.034181,2.60066,nan,nan,nan,8.62852898216,0.000262029728525,0.00654353448276,27.6547543479,-5.11838295618,4.92590638773
2018-11-16 07:26:54,51.7576,-44.6171,612.0,4.265,34.863,-0.00366104044407,0.032382,2.562415,nan,nan,nan,8.6302287188,0.000263605125859,0.00576810344828,27.6565560229,-5.06257923184,4.95197509146
2018-11-16 07:26:54,51.7576,-44.6171,616.0,4.258,34.862,-0.00366104044542,0.03598,2.562415,nan,nan,nan,8.6404352938,0.000257102734577,0.00731896551724,27.6565428415,-5.29290693582,4.84437752972
2018-11-16 07:26:54,51.7576,-44.6171,620.0,4.246,34.861,-0.00366104044762,0.030583,2.554766,nan,nan,nan,8.6579039283,0.000260325720382,0.00499267241379,27.657060794,-5.17874233263,4.89770951162
2018-11-16 07:26:54,51.7576,-44.6171,624.0,4.211,34.861,-0.00366104045362,0.032382,2.554766,nan,nan,nan,8.68268570237,0.000258630004536,0.00576810344828,27.660811027,-5.23880797932,4.86964985134
2018-11-16 07:26:54,51.7576,-44.6171,628.0,4.188,34.858,-0.00366104045745,0.030583,2.554766,nan,nan,nan,8.68265360383,0.000261835391111,0.00499267241379,27.660894274,-5.12526677607,4.92269061203
2018-11-16 07:26:54,51.7576,-44.6171,632.0,4.199,34.859,-0.00366104045597,0.034181,2.554766,nan,nan,nan,8.68835860781,0.000260233029404,0.00654353448276,27.6605623283,-5.18202563244,4.89617571848
2018-11-16 07:26:54,51.7576,-44.6171,636.0,4.164,34.856,-0.00366104046232,0.030583,2.547117,nan,nan,nan,8.73874666217,0.000258545341627,0.00499267241379,27.6619065626,-5.24180690889,4.86824890171
2018-11-16 07:26:54,51.7576,-44.6171,640.0,4.083,34.849,-0.00366104047534,0.034181,2.531819,nan,nan,nan,8.76195927881,0.000272998125035,0.00654353448276,27.6648669812,-4.72986041503,5.10740465038
2018-11-16 07:26:54,51.7576,-44.6171,644.0,4.065,34.849,-0.00366104047853,0.030583,2.516521,nan,nan,nan,8.77971394569,0.000261601768298,0.00499267241379,27.6667781774,-5.13354216336,4.91882476576
2018-11-16 07:26:54,51.7576,-44.6171,648.0,4.047,34.848,-0.00366104048163,0.030583,2.531819,nan,nan,nan,8.79794515679,0.000264811833005,0.00499267241379,27.6678898498,-5.01983525128,4.97194293731
2018-11-16 07:26:54,51.7576,-44.6171,652.0,4.022,34.848,-0.00366104048574,0.032382,2.531819,nan,nan,nan,8.81643837741,0.00027287223693,0.00576810344828,27.6705184567,-4.73431962347,5.10532153164
2018-11-16 07:26:54,51.7576,-44.6171,656.0,4.002,34.848,-0.00366104048921,0.032382,2.508872,nan,nan,nan,8.83530455377,0.000279320506116,0.00576810344828,27.6726226826,-4.50590903235,5.21202351432
2018-11-16 07:26:54,51.7576,-44.6171,660.0,3.975,34.85,-0.00366104049349,0.032382,2.516521,nan,nan,nan,8.84532383868,0.00025654098,0.00576810344828,27.6770348526,-5.31280540643,4.83508196135
2018-11-16 07:26:54,51.7576,-44.6171,664.0,3.979,34.851,-0.00366104049272,0.032382,2.531819,nan,nan,nan,8.84317026676,0.000326320015496,0.00576810344828,27.6774525388,-2.84109241111,5.98974241701
2018-11-16 07:26:54,51.7576,-44.6171,668.0,3.982,34.853,-0.00366104049211,0.032382,2.516521,nan,nan,nan,8.84399008231,0.000261415471507,0.00576810344828,27.6787688822,-5.14014116827,4.91574204133
2018-11-16 07:26:54,51.7576,-44.6171,672.0,3.984,34.855,-0.00366104049179,0.030583,2.516521,nan,nan,nan,8.84142162371,0.000272772660432,0.00499267241379,27.6801883101,-4.73784682219,5.10367380115
2018-11-16 07:26:54,51.7576,-44.6171,676.0,3.99,34.856,-0.00366104049084,0.032382,2.516521,nan,nan,nan,8.84216474763,0.000279273155973,0.00576810344828,27.6803993254,-4.50758626911,5.21123999336
2018-11-16 07:26:54,51.7576,-44.6171,680.0,3.993,34.859,-0.00366104049028,0.032382,2.516521,nan,nan,nan,8.84524730531,0.000274403363508,0.00576810344828,27.6825110456,-4.68008405783,5.1306576702
2018-11-16 07:26:54,51.7576,-44.6171,684.0,3.986,34.86,-0.00366104049153,0.032382,2.508872,nan,nan,nan,8.85103322211,0.000274385802258,0.00576810344828,27.6840636246,-4.6807061124,5.13036707748
2018-11-16 07:26:54,51.7576,-44.6171,688.0,3.983,34.863,-0.00366104049187,0.032382,2.501223,nan,nan,nan,8.84763113613,0.000266258038953,0.00576810344828,27.686794536,-4.9686077442,4.99587386165
2018-11-16 07:26:54,51.7576,-44.6171,692.0,3.996,34.866,-0.00366104048977,0.032382,2.516521,nan,nan,nan,8.84579398916,0.000259786780185,0.00576810344828,27.6878744009,-5.19783267229,4.88879146154
2018-11-16 07:26:54,51.7576,-44.6171,696.0,3.997,34.87,-0.0036610404897,0.030583,2.516521,nan,nan,nan,8.85005947866,0.000259777916896,0.00499267241379,27.6909882858,-5.19814662771,4.8886447973
2018-11-16 07:26:54,51.7576,-44.6171,700.0,3.988,34.87,-0.00366104049103,0.032382,2.516521,nan,nan,nan,8.85491850124,0.000267872044166,0.00576810344828,27.6919520797,-4.91143645156,5.02258142475
2018-11-16 07:26:54,51.7576,-44.6171,704.0,3.983,34.87,-0.00366104049174,0.032382,2.508872,nan,nan,nan,8.85674691365,0.000279219903394,0.00576810344828,27.6925024423,-4.50947258199,5.2103588025
2018-11-16 07:26:54,51.7576,-44.6171,708.0,3.979,34.87,-0.00366104049232,0.030583,2.508872,nan,nan,nan,8.85979159722,0.00027758879683,0.00499267241379,27.6929493843,-4.56724963868,5.18336825678
2018-11-16 07:26:54,51.7576,-44.6171,712.0,3.975,34.871,-0.00366104049286,0.034181,2.508872,nan,nan,nan,8.861982774,0.000303539740081,0.00654353448276,27.6941917356,-3.64801532685,5.6127884651
2018-11-16 07:26:54,51.7576,-44.6171,716.0,3.978,34.874,-0.0036610404921,0.032382,2.501223,nan,nan,nan,8.85429453336,0.000266217252223,0.00576810344828,27.6963042669,-4.97005249177,4.99519894798
2018-11-16 07:26:54,51.7576,-44.6171,720.0,3.998,34.878,-0.00366104048888,0.032382,2.52417,nan,nan,nan,8.84944685033,0.00026462598166,0.00576810344828,27.6974582212,-5.02641847763,4.96886758384
2018-11-16 07:26:54,51.7576,-44.6171,724.0,3.999,34.879,-0.00366104048846,0.034181,2.508872,nan,nan,nan,8.84713899947,0.000326285487772,0.00654353448276,27.6981853138,-2.84231545215,5.98917107352
2018-11-16 07:26:54,51.7576,-44.6171,728.0,4.009,34.881,-0.0036610404867,0.028784,2.508872,nan,nan,nan,8.83666954239,0.000264641018496,0.00421724137931,27.6987778442,-5.02588584284,4.96911640412
2018-11-16 07:26:54,51.7576,-44.6171,732.0,4.023,34.884,-0.00366104048429,0.032382,2.516521,nan,nan,nan,8.81990273271,0.000263039747841,0.00576810344828,27.6997506351,-5.08260605197,4.94261956463
2018-11-16 07:26:54,51.7576,-44.6171,736.0,4.05,34.889,-0.00366104047939,0.030583,2.516521,nan,nan,nan,8.80424951654,0.000254969870809,0.00499267241379,27.700962485,-5.3684572362,4.80908421515
2018-11-16 07:26:54,51.7576,-44.6171,740.0,4.082,34.895,-0.00366104047411,0.028784,2.508872,nan,nan,nan,8.78063529947,0.000276115138233,0.00421724137931,27.7024396068,-4.61944957351,5.15898306293
2018-11-16 07:26:54,51.7576,-44.6171,744.0,4.119,34.902,-0.00366104046816,0.026985,2.516521,nan,nan,nan,8.76027260035,0.000266437998809,0.00344181034483,27.7041759847,-4.96223320618,4.99885172639
2018-11-16 07:26:54,51.7576,-44.6171,748.0,4.137,34.906,-0.00366104046495,0.026985,2.539468,nan,nan,nan,8.73995410832,0.00026321958857,0.00344181034483,27.7055059133,-5.07623573367,4.94559545813
2018-11-16 07:26:54,51.7576,-44.6171,752.0,4.201,34.917,-0.00366104045475,0.028784,2.539468,nan,nan,nan,8.71417641943,0.000258455728248,0.00421724137931,27.707547847,-5.24498119399,4.86676603478
2018-11-16 07:26:54,51.7576,-44.6171,756.0,4.231,34.923,-0.00366104044999,0.026985,2.531819,nan,nan,nan,8.70030718152,0.000318539535349,0.00344181034483,27.7091778132,-3.11669257887,5.86099582876
2018-11-16 07:26:54,51.7576,-44.6171,760.0,4.251,34.926,-0.00366104044719,0.028784,2.547117,nan,nan,nan,8.69843058213,0.000242309238962,0.00421724137931,27.7094756097,-5.8169221375,4.59958388552
2018-11-16 07:26:54,51.7576,-44.6171,764.0,4.255,34.926,-0.00366104044715,0.030583,2.539468,nan,nan,nan,8.71560559387,0.000252053396822,0.00499267241379,27.7090871024,-5.47176457777,4.76082420183
2018-11-16 07:26:54,51.7576,-44.6171,768.0,4.22,34.922,-0.00366104045359,0.030583,2.554766,nan,nan,nan,8.74647983268,0.000302292931373,0.00499267241379,27.7096587462,-3.69217978489,5.59215704335
2018-11-16 07:26:54,51.7576,-44.6171,772.0,4.148,34.912,-0.00366104046611,0.030583,2.52417,nan,nan,nan,8.76817947086,0.000255113070491,0.00499267241379,27.7093387311,-5.36338481707,4.8114537952
2018-11-16 07:26:54,51.7576,-44.6171,776.0,4.123,34.91,-0.00366104046957,0.028784,2.539468,nan,nan,nan,8.77535801091,0.000261556579779,0.00421724137931,27.7104066609,-5.13514283105,4.91807701402
2018-11-16 07:26:54,51.7576,-44.6171,780.0,4.106,34.908,-0.00366104047297,0.028784,2.516521,nan,nan,nan,8.7889108542,0.000248545230435,0.00421724137931,27.7106307535,-5.59603084751,4.7027732275
2018-11-16 07:26:54,51.7576,-44.6171,784.0,4.087,34.905,-0.00366104047622,0.028784,2.52417,nan,nan,nan,8.80602220773,0.000295569876999,0.00421724137931,27.7102642329,-3.93032381692,5.48090808481
2018-11-16 07:26:54,51.7576,-44.6171,788.0,4.024,34.897,-0.00366104048747,0.030583,2.52417,nan,nan,nan,8.83936748436,0.000261383562968,0.00499267241379,27.7104820323,-5.14127143254,4.91521403851
2018-11-16 07:26:54,51.7576,-44.6171,792.0,3.979,34.89,-0.00366104049439,0.028784,2.516521,nan,nan,nan,8.84595800201,0.000251571738005,0.00421724137931,27.7095937564,-5.48882589638,4.7528540087
2018-11-16 07:26:54,51.7576,-44.6171,796.0,3.959,34.887,-0.00366104049794,0.028784,2.508872,nan,nan,nan,8.86003259565,0.000251537576682,0.00421724137931,27.7092983842,-5.49003595877,4.75228872819
2018-11-16 07:26:54,51.7576,-44.6171,800.0,3.94,34.885,-0.00366104050126,0.028784,2.508872,nan,nan,nan,8.88569891041,0.000257993288733,0.00421724137931,27.7096910662,-5.26136172651,4.8591138708
2018-11-16 07:26:54,51.7576,-44.6171,804.0,3.887,34.878,-0.00366104051015,0.030583,2.501223,nan,nan,nan,8.91243394202,0.000264390362097,0.00499267241379,27.7095687382,-5.03476459381,4.96496869658
2018-11-16 07:26:54,51.7576,-44.6171,808.0,3.838,34.874,-0.00366104051869,0.030583,2.493574,nan,nan,nan,8.93089934953,0.000265919507959,0.00499267241379,27.7113940003,-4.98059918906,4.99027205949
2018-11-16 07:26:54,51.7576,-44.6171,812.0,3.816,34.871,-0.00366104052165,0.028784,2.501223,nan,nan,nan,8.938366689,0.000251277037034,0.00421724137931,27.7112635845,-5.49926479419,4.74797747873
2018-11-16 07:26:54,51.7576,-44.6171,816.0,3.797,34.869,-0.00366104052486,0.028784,2.485925,nan,nan,nan,8.94892193616,0.000251241897964,0.00421724137931,27.7116209069,-5.50050949032,4.74739601907
2018-11-16 07:26:54,51.7576,-44.6171,820.0,3.779,34.867,-0.00366104052762,0.028784,2.485925,nan,nan,nan,8.94569732559,0.000254454129861,0.00421724137931,27.7118730153,-5.38672581207,4.80055005193
2018-11-16 07:26:54,51.7576,-44.6171,824.0,3.804,34.871,-0.00366104052361,0.028784,2.485925,nan,nan,nan,8.93242541059,0.000389175360442,0.00421724137931,27.7125754572,-0.61463038244,7.02983391039
2018-11-16 07:26:54,51.7576,-44.6171,828.0,3.813,34.874,-0.00366104052237,0.026985,2.485925,nan,nan,nan,8.94128923996,0.000259375550403,0.00344181034483,27.7140901879,-5.21239925364,4.88198668465
2018-11-16 07:26:54,51.7576,-44.6171,832.0,3.794,34.871,-0.00366104052555,0.030583,2.485925,nan,nan,nan,8.94404676394,0.000262588423145,0.00499267241379,27.713650284,-5.09859287536,4.93515132183
2018-11-16 07:26:54,51.7576,-44.6171,836.0,3.784,34.871,-0.00366104052711,0.028784,2.485925,nan,nan,nan,8.94417968185,0.000246340661854,0.00421724137931,27.7146900259,-5.67412107582,4.66629338588
2018-11-16 07:26:54,51.7576,-44.6171,840.0,3.785,34.871,-0.00366104052702,0.030583,2.485925,nan,nan,nan,8.94646180067,0.000265814424834,0.00499267241379,27.7146232062,-4.98432144353,4.98853320872
2018-11-16 07:26:54,51.7576,-44.6171,844.0,3.789,34.871,-0.00366104052649,0.030583,2.478276,nan,nan,nan,8.94957588943,0.000251219273772,0.00499267241379,27.7142547125,-5.50131088446,4.74702164788
2018-11-16 07:26:54,51.7576,-44.6171,848.0,3.772,34.87,-0.00366104052912,0.030583,2.478276,nan,nan,nan,8.95651789894,0.000260921420484,0.00499267241379,27.7152003188,-5.15764144361,4.90756678963
2018-11-16 07:26:54,51.7576,-44.6171,852.0,3.767,34.869,-0.00366104053016,0.030583,2.485925,nan,nan,nan,8.96124562714,0.000264158724821,0.00499267241379,27.7149393975,-5.04296964939,4.96113570576
2018-11-16 07:26:54,51.7576,-44.6171,856.0,3.76,34.868,-0.00366104053135,0.030583,2.478276,nan,nan,nan,8.96886498075,0.000254410656856,0.00499267241379,27.7148785519,-5.38826571285,4.79983068745
2018-11-16 07:26:54,51.7576,-44.6171,860.0,3.74,34.866,-0.00366104053456,0.028784,2.470627,nan,nan,nan,8.97929559409,0.000257618517407,0.00421724137931,27.7153211778,-5.27463687643,4.85291238597
2018-11-16 07:26:54,51.7576,-44.6171,864.0,3.724,34.864,-0.00366104053704,0.030583,2.470627,nan,nan,nan,8.98972931405,0.000255967022178,0.00499267241379,27.7153596419,-5.33313614042,4.82558446119
2018-11-16 07:26:54,51.7576,-44.6171,868.0,3.716,34.864,-0.00366104053792,0.030583,2.470627,nan,nan,nan,8.98193330149,0.000255949828834,0.00499267241379,27.7161907474,-5.33374516303,4.82529995634
2018-11-16 07:26:54,51.7576,-44.6171,872.0,3.733,34.868,-0.00366104053518,0.030583,2.462978,nan,nan,nan,8.97108779829,0.000272201699334,0.00499267241379,27.717714001,-4.7580714062,5.09422588894
2018-11-16 07:26:54,51.7576,-44.6171,876.0,3.737,34.869,-0.00366104053429,0.028784,2.462978,nan,nan,nan,8.94929878374,0.000255981186353,0.00421724137931,27.7181444447,-5.33263441701,4.82581884122
2018-11-16 07:26:54,51.7576,-44.6171,880.0,3.795,34.877,-0.00366104052539,0.028784,2.485925,nan,nan,nan,8.92896456673,0.000303139942064,0.00421724137931,27.7187338521,-3.6621769722,5.60617285402
2018-11-16 07:26:54,51.7576,-44.6171,884.0,3.8,34.88,-0.00366104052426,0.025186,2.478276,nan,nan,nan,8.9286882093,0.000319368745136,0.00266637931034,27.7206534505,-3.08732030979,5.87471708105
2018-11-16 07:26:54,51.7576,-44.6171,888.0,3.8,34.88,-0.00366104052409,0.026985,2.493574,nan,nan,nan,8.91488311111,0.000259331245739,0.00344181034483,27.7206875695,-5.21396861345,4.88125355839
2018-11-16 07:26:54,51.7576,-44.6171,892.0,3.817,34.884,-0.00366104052114,0.026985,2.493574,nan,nan,nan,8.90620425145,0.000286941407796,0.00344181034483,27.7221936221,-4.23596145305,5.3381294965
2018-11-16 07:26:54,51.7576,-44.6171,896.0,3.842,34.887,-0.00366104051793,0.026985,2.501223,nan,nan,nan,8.90896012232,0.00024966596691,0.00344181034483,27.7220910798,-5.55633212011,4.72131848367
2018-11-16 07:26:54,51.7576,-44.6171,900.0,3.827,34.886,-0.00366104052021,0.030583,2.485925,nan,nan,nan,8.91456312984,0.000286957284154,0.00499267241379,27.7228454316,-4.23539908069,5.33839220868
2018-11-16 07:26:54,51.7576,-44.6171,904.0,3.819,34.884,-0.00366104052136,0.030583,2.493574,nan,nan,nan,8.91460726438,0.000264228791836,0.00499267241379,27.72209484,-5.04048773557,4.96229513153
2018-11-16 07:26:54,51.7576,-44.6171,908.0,3.818,34.884,-0.00366104052187,0.026985,2.485925,nan,nan,nan,8.9220586378,0.000259358748688,0.00344181034483,27.7222300695,-5.21299440397,4.88170866024
2018-11-16 07:26:54,51.7576,-44.6171,912.0,3.797,34.882,-0.00366104052542,0.030583,2.485925,nan,nan,nan,8.93208257315,0.000332337906584,0.00499267241379,27.722786342,-2.62792667299,6.08932276828
2018-11-16 07:26:54,51.7576,-44.6171,916.0,3.779,34.88,-0.00366104052836,0.028784,2.485925,nan,nan,nan,8.9368505037,0.000254418375439,0.00421724137931,27.723035607,-5.38799230519,4.79995840981
2018-11-16 07:26:54,51.7576,-44.6171,920.0,3.777,34.88,-0.00366104052868,0.030583,2.485925,nan,nan,nan,8.93436107263,0.000280376252187,0.00499267241379,27.7232694692,-4.46851239504,5.22949334936
2018-11-16 07:26:54,51.7576,-44.6171,924.0,3.78,34.881,-0.00366104052854,0.028784,2.493574,nan,nan,nan,8.94441229377,0.000345285334424,0.00421724137931,27.7237979113,-2.16930288405,6.30356882116
2018-11-16 07:26:54,51.7576,-44.6171,928.0,3.749,34.877,-0.0036610405335,0.028784,2.478276,nan,nan,nan,8.95152699837,0.00025923020559,0.00421724137931,27.7237510425,-5.2175476576,4.8795816083
2018-11-16 07:26:54,51.7576,-44.6171,932.0,3.742,34.876,-0.00366104053466,0.030583,2.470627,nan,nan,nan,8.95027424041,0.000251104756221,0.00499267241379,27.7236871947,-5.50536732514,4.74512668206
2018-11-16 07:26:54,51.7576,-44.6171,936.0,3.745,34.877,-0.00366104053436,0.030583,2.485925,nan,nan,nan,8.95637367158,0.000264089525965,0.00499267241379,27.7242168932,-5.04542081128,4.95999064575
2018-11-16 07:26:54,51.7576,-44.6171,940.0,3.731,34.875,-0.00366104053679,0.026985,2.478276,nan,nan,nan,8.97370043544,0.00026568760145,0.00344181034483,27.7240546886,-4.98881378144,4.98643461356
2018-11-16 07:26:54,51.7576,-44.6171,944.0,3.704,34.872,-0.00366104054143,0.032382,2.478276,nan,nan,nan,8.98282387229,0.000275373625562,0.00576810344828,27.7243866565,-4.64571543533,5.14671296845
2018-11-16 07:26:54,51.7576,-44.6171,948.0,3.691,34.871,-0.00366104054336,0.028784,2.462978,nan,nan,nan,8.9857189438,0.000280216306303,0.00421724137931,27.7249141117,-4.47417799813,5.22684666349
2018-11-16 07:26:54,51.7576,-44.6171,952.0,3.689,34.871,-0.00366104054368,0.028784,2.478276,nan,nan,nan,8.987812986,0.000259117743785,0.00421724137931,27.7251452929,-5.22153127964,4.8777206597
2018-11-16 07:26:54,51.7576,-44.6171,956.0,3.684,34.871,-0.00366104054444,0.028784,2.470627,nan,nan,nan,8.98928361353,0.000281823868397,0.00421724137931,27.7256739157,-4.41723493365,5.25344760984
2018-11-16 07:26:54,51.7576,-44.6171,960.0,3.686,34.872,-0.00366104054398,0.028784,2.478276,nan,nan,nan,8.98273481054,0.000260731166162,0.00421724137931,27.7263049071,-5.1643806322,4.90441857841
2018-11-16 07:26:54,51.7576,-44.6171,964.0,3.689,34.872,-0.00366104054359,0.032382,2.478276,nan,nan,nan,8.98026376073,0.00028832242313,0.00576810344828,27.7260401418,-4.18704312788,5.36098168675
2018-11-16 07:26:54,51.7576,-44.6171,968.0,3.694,34.874,-0.00366104054273,0.028784,2.485925,nan,nan,nan,8.97569108615,0.000263988155286,0.00421724137931,27.727169959,-5.04901156345,4.95831322627
2018-11-16 07:26:54,51.7576,-44.6171,972.0,3.698,34.875,-0.00366104054205,0.028784,2.478276,nan,nan,nan,8.9719771064,0.000285088268738,0.00421724137931,27.7276022895,-4.30160334476,5.30746489395
2018-11-16 07:26:54,51.7576,-44.6171,976.0,3.702,34.876,-0.00366104054145,0.030583,2.493574,nan,nan,nan,8.96950953127,0.000265622502528,0.00499267241379,27.7280344898,-4.99111971546,4.98535739673
2018-11-16 07:26:54,51.7576,-44.6171,980.0,3.703,34.877,-0.00366104054119,0.028784,2.501223,nan,nan,nan,8.9658096623,0.000361357373898,0.00421724137931,27.7287646544,-1.59999910178,6.56951902084
2018-11-16 07:26:54,51.7576,-44.6171,984.0,3.71,34.878,-0.00366104053991,0.030583,2.501223,nan,nan,nan,8.96124562714,0.000260766302532,0.00499267241379,27.7288985001,-5.16313603171,4.90499999339
2018-11-16 07:26:54,51.7576,-44.6171,988.0,3.712,34.879,-0.00366104053959,0.026985,2.516521,nan,nan,nan,8.95952510548,0.000267258392327,0.00344181034483,27.7295292245,-4.933173227,5.01242709248
2018-11-16 07:26:54,51.7576,-44.6171,990.8,3.713,34.879,nan,nan,nan,nan,nan,nan,nan,nan,nan,27.7294529563,nan,nan
